8000500273296
3329770084056
4056489033042
4335619014404
4056489095736
20170196
80508816
4056489357117
5011273040698
4056489936176
5052909732600
20046248
4056489617181
5057967395132
20577414
5052320269839
20072483
5057373489593
2000000002603
20005573
20843427
40879345
4056489291176
20261375
5391528181483
0851770008785
4056489124320
4002575610635
20177089
4061459381702
4056489519928
4088600266008
20449568
5014213001063
5099630002237
4056489973935
5053990127641
4005514040982
4056489150220
29455621
2006050035250
4088600145105
4056489238676
4056489452676
20790264
5701051302147
20405625
03263976
5052910123336
5059512740664
4056489182252
5391508960077
4056489834267
20624477
20898717
20577339
6976016652691
20011581
4056489181217
2004060090115
20223298
0193908005175
20436568
2030508084521
4056489333784
4056489018995
4056489220589
4056489495604
5901588400297
4019300171125
4058172308390
4000540010138
10096376
4250241204231
20104108
5099801000031
0011210000018
1105247480000
8711327480537
8002230000319
0196633951786
0196633951977
20620615
29075713
7622202262463
0038000199875
20209759
7613287093752
29298808
5900531001512
8009004814066
8711327663961
4056489012108
4388860426809
20355951
10001219
2014000081653
4056489204466
29227075
5051622920479
2014000029884
5099406000566
8000500447833
4061458169332
5011038004545
29395439
4000446011628
0686207006146
20242145
42396024
4311501669853
0722252387509
4008366015535
5011059000014
1403749260008
0284719002009
0196633966339
4056489620853
4088600284941
20913908
4056489091585
4056489122876
4316268557948
5941021017101
5949040203505
20138127
4058172485176
0602652434723
5034444101349
4056489834618
8710502470042
8710502405013
29308859
5099749002524
29036325
4056489124474
20281250
20913403
4337185855542
4058172696480
5011037611195
80874652
29308132
5099749001923
0196633976796
03042045
4056489147213
8002470024595
4337256111867
20401634
03251416
0748927069525
29087037
0748927069532
4058172307287
4088600074450
29431205
40466088
5901067400237
0048564067008
0044100190742
4000140708268
5099801000178
3083681117271
4056489358503
20224066
4104420236974
42382614
4088600287010
0193968356484
2006050057382
20423124
4056489664338
5900197030895
4009300016946
4012852001643
2298763003194
5011056020428
5011056024389
5391532120096
5391532123424
29359967
29383467
29436095
4008366015511
4017100210105
8713576282511
20201234
20525453
4305615678603
5390053001709
0856088003958
4056489913214
4337256045971
42376200
4088600278001
4088600290515
20608118
4034900008268
4036577905093
4056489057741
4056489406983
5099274000002
5949040203192
03249833
4058172330087
0632432000350
0857111004683
29386147
4008577006278
40466095
20009519
4056489257851
4316268609210
4260654781649
4305615664057
5390248510016
0000200008423
0041196914153
4023900552161
4056489208914
7025110144720
29318704
5099817002203
0196633919731
0196633946935
0196633952172
0196633965301
4056489148968
8681630107011
8710445023763
4311501650776
2006050155965
4061458020251
20401825
20157456
0016000106109
20290535
4056489108511
4056489423324
4335619114036
5000159462129
5099077001732
4088600290485
4058172307201
4088600048284
4088600079899
0889392001709
29356225
29398119
4000607164002
4000607529702
40466064
9019100100702
8711741355916
7622201500702
8410673001136
0186852001706
4388860435870
4388860450491
4260431671026
4388860268560
21631498
20797249
2145405840009
4023900545507
4056489933861
9120051670012
9310432400103
7613036303910
29273638
4061458072762
4061459435382
4311501467695
03433256
5099749001893
5391517593594
4012200401057
8714100635674
8000300367508
2006050140541
2006050156085
4311501660829
20409104
20687885
20157524
4311596616367
5000112626940
4388844021860
20380960
4088600287409
20891985
4316268522441
4335619072374
4337185864056
4388860703641
5200112660894
6430056289670
4058172329197
4088600461427
0602652433931
0781005099656
29343454
29379446
29388622
4056489030010
5908260257286
7622201521370
20205225
20721077
20936952
4316268627092
4335619005778
0194346065752
5391537430121
4305615677910
0190646631536
5099874328124
5390691017995
0686207006139
20250362
22526977
4002575602838
4002575604603
4056489233565
4061458029223
9310432003212
4061458048125
5390248570010
4088600018294
5099749001909
5099801002110
5099801003025
5391526416068
5391527730781
0195893693672
0652642000506
0652729710809
0747479000611
0886518000936
4056489140962
5056357901557
8717700002402
9180007870422
5411188141280
4260057140654
4337185901508
5000112627084
5000112630664
5000112630671
4311501692851
4311501650271
5051898697259
4088600251097
00007573
0851770008648
20629243
27325803
4002309034751
4316268437134
5099268019003
5099406001600
8445291082007
9100000772189
9100000031965
5000159552004
4058172330063
3073781139600
5099077001350
4061458156165
5054268138543
4058700621076
5090383101000
4088600052731
5011037611324
5011056020053
5011059001752
5011059001943
5392000134683
5397136001052
0631656716894
0660426305860
0884623105836
29373116
29388004
29397846
29403684
4000504174432
4008381148003
9100000969985
6416453040038
4056489305279
4056489815990
4056489850632
4099200011028
0049733000079
2009010120003
20515713
20009472
4056489526919
5099874077527
5099874173984
5099874353171
5099874353188
20530921
20589226
20801861
8710604725569
7622201107932
8684568301513
7622200006472
4061458032551
4061459717303
20039981
29295166
5000157065186
20000844
4061464935198
20106225
5099490000305
5099630250812
5099630250980
5099682001271
5099801002097
5099801006392
5099839623370
5391526416037
20018498
20968601
22118981
26008745
4056489128052
4056489128076
5060083070883
5061013947565
5998003119315
8001250012968
4061458015417
20069711
4337256015189
5391525351131
2006050156108
5052004287340
4099200211329
4061458026376
4311501647530
4311596616893
4056489620891
4388844009882
5000159564595
20414870
4061462006937
4088600268811
4088600299808
0193968296681
03255285
0748927065589
0851702007565
20277338
20602390
20606596
20629656
26105833
29061334
29119059
4056489109600
4056489110071
4056489123347
4088600557960
42186984
4388860683561
5099077004061
5099368909242
5099406022476
5099466194106
7032069720417
7613037001297
96203415
9010158012160
9100000007540
8000300164602
5011001296786
4058172389467
5099077001374
20443450
4061458112536
4088600048253
4088600055985
4088600101033
4088600147130
4088600177236
4088600179599
4088600494784
4088600520629
5011010292328
5011056020046
5011056021845
5011059002148
5391533130056
5397136016889
5397139001530
0194346191598
0631656717808
0889392001549
29339877
29381043
29385713
29440948
3599741003502
5034660004004
5059604645754
9100000827391
8000070072534
8052879380136
7622201754259
4056489542940
5011059000076
4335619014701
2200285258440
4388860475524
4337185455476
4337185467158
4056489850212
4316268617079
20311254
4061461354817
4056489305316
4316268617727
20926434
4388860172225
4088600547985
20515690
4061459924923
4388860402339
4316268618403
5099874059608
5099874212126
5099874276227
5390053001495
5390691018022
0687456922065
0687456922072
0853016002717
2034060118656
20341602
20546953
2286510002897
4005009102034
4014400930214
4018077711732
4018077812798
4056489443780
4056489744146
4056489898092
4056489933915
5031021673343
7613036759410
8710604724739
7610400092180
5063250542831
8684568302398
4061458051354
4062139012862
29328789
5000201496386
4088600002101
2004060091594
29318544
5391500916546
29258888
5010238014637
4061458038034
5057753906528
5099649001368
5099801000772
5099801006439
5391510683186
5391517593624
5391521830098
5391526416105
5391526416129
5391528850013
5391528850020
5391528850099
0196633951779
0664918706180
20017965
20833411
4005249005102
4022381304184
4056489175285
4056489351665
5056315501232
5061013942799
9100000002255
9311493003241
5099856000017
8681630314013
8000300430554
6921168558049
2006050138241
20166632
4260073358941
4260611590000
4311501663417
5000112627091
4337256036757
4337256053167
4311501637845
20414887
4311501685747
20180201
4311501671191
00660532
4337256068482
4061458018975
5000112576894
5000159568807
2006050122868
4088600252186
4088600280219
0011110857354
0193908007353
0193968346393
0854074006358
29079698
29086238
3329770049222
3700214619292
3830084190918
4000522107603
4001956218316
4037014004409
4056489108559
4056489108580
4056489113799
4056489423294
4056489438038
4088600571119
4311501708422
4316268440806
4316268574501
4337185693175
4337185813481
4750616003655
5905187114883
6971835850389
7310390001390
7622202264481
7622210808981
9100000715551
8712000061159
8712100724039
9100000039985
8003740112080
4058172389962
4058172425752
4015637824543
2014000006625
4061458132206
5038862835879
4088600343884
5057373870926
5098732012373
5054402252203
5099077001756
4061461552206
4009238002561
4061458141345
5054402298133
4058172389481
5029396003094
5000362102164
4058172389740
4009300014720
5019503002096
5038862439497
4058172389528
5054267013964
5057172578818
5000237060988
4088600050812
4088600053981
4088600096674
4088600132952
4088600187136
4088600462899
4088600465722
4088600469744
4088600501895
4088600517841
5011056021395
5011059001783
5011059002407
5011096011516
5011096011974
5011100650236
5391539750098
5397136002745
5397199002010
0194346192205
0194346193912
0194346193998
0602652551697
0856920005621
0889392001327
1503742900007
20005085
20008093
2276763003192
29333615
29364763
29368792
29381098
4000406002277
4009097010684
4013200880040
4037300107340
4046097900003
5034033000800
5034660003960
5053827182867
5059512728952
5059512968174
9100000966915
8711741356036
7340191110601
8714100823637
5908311709566
7622201414931
8033629400557
84199133
5060896625027
5060427570208
4061461165871
4061461254322
4061463746047
4061463749345
4316268625753
4088600542003
4305615678115
4056489561279
5011096011110
4061462940552
4061463642028
4388860112283
4056489251927
20997502
4388860126501
4056489294818
4305615663937
4088600189987
4061459926071
4316268595438
0099900100873
21668050
20516000
4388860374049
5011096010052
4316268604031
4388860277579
4388860373257
4388860415322
5099874077510
5099874080374
5099874104193
5099874173953
5099874212263
5099874261315
5099874340300
5390053001730
5390171001674
5390691017858
5390691017964
00236577
0667888550692
0687456922058
0745092006942
20364625
20583194
20584214
21472480
4014400927832
4014400935387
4023900763710
4025500224653
4056489220794
4056489744627
4056489935513
4056489935520
5050974504535
5057008251977
5059697713323
8715700118925
8715700208633
9035000007293
9035000007316
5907441300025
5099899001026
8002470028845
5063250541001
8445291561373
20001414
4061458049009
4061458064637
4061458066174
4061462745621
4099200160931
4099200160955
4751028310218
4300175183062
4104420224810
4280000878991
4311501442265
4061458041256
29178834
29310661
29310746
4088600000398
4250262708565
20046569
4335718173408
4316734168999
5057624877896
5057753896782
5099649001849
5099649003263
5099749001817
5099801000017
5099801004572
5099839006623
5099839076671
5099839244650
5099839678448
5391508961470
5391512911591
5391514014214
5391517696707
5391526416099
5391526416204
5391526480045
0196633955418
0677210093353
0754590387477
0787692230020
20831844
2098765750078
28084112
4000186010202
4002966004074
4009900552813
4011800754112
4056489173069
4056489308768
5052526033548
5056315500839
5061005130012
9002490200381
9002600655025
9002668001307
56042046
5202390021848
5099839730498
8681630106014
7037400001316
7311312006288
7613035442368
5701116016231
6500220585492
4061458024648
4061458026437
4063367096532
4311501652886
0058807500919
4311596423156
4316268368841
4337256027809
4311501623183
20026677
20168056
4061459233940
5022374055955
20401818
4311501649732
5012035970444
4779043840220
20168322
20374235
4388840217632
4061458018920
5024121400223
20403768
2024000089689
0037600807449
5017601038597
4311501676950
4088600239385
4088600265254
4088600280325
4088600285481
4088600289090
4088600290492
4088600290508
4088600296555
4088600297583
4088600326597
0193968351656
0675625554025
0675625555060
0722252130099
0722252268037
0749826000183
0851770007740
1805786670008
18234244
20052010
20283353
20288181
21028199
28373360
29055838
29075027
4000521024628
4000521131203
4008468018267
4025839039416
4035626111027
4036300114310
4037300103250
4048517667688
4056489091561
4056489115403
4056489123729
4056489376941
4056489378648
4056489422068
4056489422082
4056489679622
4088600355535
4088600559193
4088600570969
41007518
4306188051084
4306188300533
4306188347910
4316268539296
4335619109230
4335619109247
4337185538445
4337185569470
4337185665530
4337185853722
4337256636971
4388860611649
4770299404006
5099111000332
5099229000286
5099229002532
5099274000101
5099440000805
6911657980055
6917878044729
7622202258602
7622202365386
9120085630907
9120085631768
9120128134881
96199862
8002270126918
8445290461803
8000270011418
8445290754233
9100000132075
9100000740508
8858135012052
9100000012292
9100000158198
9100000770161
9100000021324
8717163889350
8445290231796
2221623003195
22220424
5000225015280
0657082064903
4058172487378
5011002605532
3073781139624
4015637826400
5038862831338
4061461660239
5038862831680
5038862832458
5053990158065
4012839520389
5053990182947
5054267013902
4061463899408
5000232006929
5057545188781
5098732007942
5098732013257
5000159553858
5098900006074
4012860993411
3080216031781
20437817
22048776
22954572
5054269690200
5011001200660
4061458160988
5055940101206
4015533048821
0749826000107
5098732007492
4058172470233
22359742
5060334562921
0639123101242
5090383110040
5098732004552
5011001295277
4088600050713
4088600053677
4088600053998
4088600057774
4088600076072
4088600106083
4088600123196
4088600136295
4088600158686
4088600370026
4088600418193
4088600486208
4088600492162
4088600529288
5011005056331
5011020104727
5011022001291
5011022002427
5011032580632
5011038002275
5011040002058
5011041001791
5011041003382
5011044001033
5011096012131
5391534340003
5391542350247
5391545020000
5391545020246
5391547020046
5397136001076
5397136019118
0194346134878
0194346157846
0602652434266
0631656717693
0853479006840
0853522000030
0889053018725
16868687
20002855
2200291971258
27034309
27226285
29397457
29397990
29406494
29415243
3051800802735
3083680041348
3608580070979
4000462910042
4000503148205
4000607701405
4006040428053
4006237600019
4008366015030
4008722002049
4012965400791
4013320019696
4021600100705
4037300108545
4037400433721
4047247012607
4056489033929
4056489038023
4056489046752
5014491582988
5034033000787
5034660519683
5052910833754
5053947394027
5059319036861
5059321003448
8720618218599
9100000804910
9100000829395
9100000898346
9100000904122
5060107339248
7622201461201
7622201497248
5900334002587
7622201635954
7622201681333
5202581102011
7622201754280
8690804000010
4056489286349
4056489561880
5011096010694
20515645
20528706
4061463051592
4061463664471
4099200011066
20702021
4316268630849
4316268634908
4335619013094
4061461328504
0190569537793
4088600540863
4337185255472
4388860438116
4823077636059
20714406
4056489561378
5391536690588
5011056071918
4056489561262
20492267
20516062
20922061
20313494
20926298
4056489561958
4056489824961
4056489561248
0099900738076
4061463593986
4088600555591
20515669
4305615664064
4056489793045
20199753
4388860376982
5391537514210
4316268623674
20528669
2009099001262
20924683
20190644
20205423
4388860376609
4388860204148
5011096011073
4388860403640
5099874000983
5099874068372
5099874077565
5099874079781
5099874080404
5099874087496
5099874212133
5099874214489
5099874254072
5099874295297
5099874304807
5099874315704
5099874316718
5099874318569
5099874321828
5099874330783
5099874360148
5099874362555
5099874362562
5390053001723
5391500910780
5391500916584
5391500921946
00738972
0699097730220
0793618106102
0855352008668
0856088003927
20258276
20352530
20352547
20352554
20540586
20550127
20766955
21899164
21944062
24095907
24102155
4005009104106
4018077760594
4023900541547
4023900552529
4024884045601
4053400281865
4056489222453
4056489235422
4056489235682
4056489451525
4056489496083
4056489709978
4056489743309
4056489743347
4056489743651
4056489753261
4056489933403
4056489935223
5030343836740
5051008027464
5059697727740
8715035210202
8850367992140
90454035
8710604786010
7340011427711
7340011492726
8424465855630
5711953109720
8712566092994
7613036028462
5903548002831
5060374400221
5900783009106
5099874056812
5099874059592
4061458052894
20002015
20002343
0236496012726
4061464785090
4062139001415
2005040062436
29252138
20107550
4061464718654
4002334113841
4002359004711
5012894000849
5013665103530
4062139008698
4061464938298
5010238016716
20108168
29196852
25411263
4061458095181
4062139010721
4061462637315
20095277
5010228005355
4104420216662
4061458030359
4099200057293
4088600025964
4061464817111
29195657
4260541684725
2004060084176
5010511477227
3664346339599
5012461002566
4104420218949
5057624877605
5057624884252
5057753394288
5057753912413
5057753937683
5099490000206
5099630250997
5099801002127
5099801002486
5099801004275
5099801006415
5099809147875
5099810020006
5099839236105
5099839310157
5099839584527
5099839616921
5099839619328
5099839694912
5391508581005
5391508961272
5391509393737
5391510683285
5391511642014
5391512929824
5391515110557
5391518933696
5391521697288
5391526417119
5391527074540
5391527261223
5391527732211
5391528850006
0607766989343
0634158623998
0652729710045
0753656719566
0852480007112
20833848
20833961
22096951
23003408
25806625
28075769
29040629
4001475119743
40055015
4006784075025
4006814004278
4011800177911
4021851989241
4030917016401
4040600067528
4048952500090
4056489128038
4056489157335
4056489172192
4056489321323
5056315501454
5060043223335
5060072990017
5060277111880
5060495116254
5060495116261
5061005130005
8722700231998
9008684028243
9009301005951
9180007870187
8681630101019
5099839702815
7310100690517
7311312005267
5099839715631
8713800134586
5099872015774
7622210169051
5997523313210
5099839715891
8000300430530
54004207
8002335104066
6922877700194
20019440
4056489620907
5391521835604
4056489975571
2003020091285
4061458003094
5099682000946
2006050181223
5099839628733
4061462154119
5391525050003
4260362180673
4260556633190
4260614720893
4311501702048
4314187027078
20383831
5000112662665
20389604
20403782
20412173
20172695
4311596468256
4337256124911
2006050093069
4311501647691
5391508961753
4057295212126
4388840219254
20069308
20168216
5099603111157
4260322211836
4311501674185
4311596656400
5000111046893
5011673144019
20235253
5016887004555
5010358075198
20687779
4088600205496
4088600231020
4088600265247
4088600268293
4088600268460
4088600270500
0193908005144
0193968294571
0193968330132
0193968348366
0193968352585
0193968360924
0193968376406
0193968407155
0193968419622
03321751
0637480003131
0722252131300
0748927026672
0850036825173
0851387007072
0853687004706
0854074006730
2006050058907
2006050061822
20116200
20279783
20629267
20855642
20888725
20913168
21331817
22019943
25982756
26034911
27295007
2776000003997
28266761
29053094
29056514
2999200017490
2999300003027
3445020006736
3451790833212
3451791340412
3451791343444
4000539751004
4001956213663
4001956215162
4002221011403
4003473001303
4019339309100
4026701034003
4026701069531
4034457003921
40345031
4036300076786
4056489057499
4056489058007
4056489058953
4056489095637
4056489109488
4056489116189
4056489123750
4056489372776
4056489375494
4056489409557
4056489422433
4056489437697
4056489642794
4088600560281
4088600567303
4088600571102
4100130011436
4100290080075
4305720002591
4306188046615
4306188392897
4306188406761
4306188407782
4306188411253
4316268424851
4316268456302
4316268457354
4316268467926
4316268527965
4316268534192
4316268578240
4337185563874
4337185592201
4337185594939
4337185594977
4337185602849
4337185610370
4337185613289
4337185660863
4337185691119
4337185719493
4337185806698
4337185865107
4388860619799
4388860655810
4388860672237
4388860734485
4400050340037
4400191071289
5099077001770
5099077001985
5099077002142
5099077002166
5099111000035
5099229002440
5099229003355
5099268042858
5099274000064
5099297001406
5099297006500
5099338025514
5099405000109
5099406001105
5099406006209
5099406009637
5099420021042
5099420032864
5449000215574
5905187120013
6920802311347
6920907808599
7290000604879
7613034666970
7613034954459
7613035052024
7613037639629
7613039471555
7622202211294
7622202224737
7622202257988
7622202342370
9120085630822
9120090282436
9120090282443
9120097311658
8076800035834
9100000045818
9002233013735
8718906436763
8445291194823
8710624218928
9100000695617
9100000070476
9010158007548
9002233026223
9010158012313
9100000115122
9009504005642
9100000004754
9001432031540
8032793340188
9001432040870
9100000702186
9100000705187
8032793343349
9001458032286
8437007382228
8003716001158
9100000747866
8053303240224
9100000749839
9001475045467
8888056103850
8911200327199
9100000016818
8847103557121
8712100459481
9100000255217
9120084430317
9002100057312
5000159503716
4009286110553
4088600306315
4058172326837
0193908007889
5000213028292
4009300011965
0193908008084
2274241001258
4058172389764
5000436779414
5010525421070
4058172469497
5011002607369
4009309020944
5019503042818
4061463871749
5054267010826
4019252050011
23073241
5098732010690
5054402225061
5098827002159
4016241020123
5099077001718
4061458133081
4061458101639
5011003019420
4061458149181
5054269933031
5010251476726
4061458142786
4058172451393
5055940101428
2014000025015
5098732002572
4061458101646
5098732000615
22030221
4016241041012
50189335
4012712022986
5038862434355
24086172
4058172470196
5060003593041
5011005002321
5000205048307
5090383110033
4061461438791
0039045040290
4088600050768
4088600053721
4088600053820
4088600053844
4088600065489
4088600066073
4088600068497
4088600073750
4088600081755
4088600082035
4088600105307
4088600110479
4088600128948
4088600140902
4088600162850
4088600187204
4088600371405
4088600382494
4088600416168
4088600438016
4088600491875
4088600494791
4088600494869
4088600518350
4088600524108
4088600538754
4088600540009
5011009022752
5011009112101
5011010222332
5011022051951
5011023010001
5011026005141
5011026008326
5011026008364
5011038133450
5011040019377
5011040019483
5011044001323
5011056021746
5011056022262
5011056022859
5011056023429
5011056023733
5011056024761
5011056024914
5011056024921
5011059001592
5011059001776
5011059001851
5011059001929
5011059002421
5011069116682
5011071010619
5011096004716
5011096005898
5011096007885
5011096008271
5011096011455
5011096011462
5011096011981
5391532122250
5391532122731
5391532123936
5391533130100
5391533131169
5391535690039
5391542670048
5391542913602
5391547020077
5392000096240
5392000134676
5392000144101
5397054281406
5397136000840
5397136002905
5397136003377
5397136003513
5397136003636
5397136006989
5397136010351
5397136016599
5397136017206
5397136019132
5397136019606
0194346136643
0194346158423
0194346159505
0194346174911
0194346188604
0194346193844
0194346210060
0228170003991
0265945016824
0602652551703
06214876
0738777170038
0757528044992
0796554376226
0855569220150
0856802008504
0883204007897
26311272
27179697
27225066
27264195
29337613
29339808
29343874
29347575
29356256
29365715
29390199
29394579
29405152
29406319
29408368
3083680000369
3449865234385
3858888570477
4000521007003
4000950000019
4002674054071
4006040106715
4006040155089
4006067883422
4006237641951
4008722016114
4013182028591
4013200555221
4013200880057
4013423019104
4016435001532
4016512050507
4017100804717
4020500966404
4021600100200
4021851457832
4021851526354
4046700005378
4046700005491
4056489033936
4056489044314
5000328027111
5000328636702
5000342000534
5010478402232
5010482567651
5010482776220
50254453
5026489487069
50273089
5027492002768
5035272048004
5052910833709
5052910834164
5053827202275
5059316308015
5059316576605
5059512743948
5059604646010
5060088704073
5060088705988
9004584059042
9017100003061
9100000779201
9100000981949
9100000995762
9100100155004
5904542680292
5060402904752
5712871906828
7622201386948
5712872293491
7622201515058
8681324006538
6091091013929
8690710009435
7622201679460
8001120640086
8076810500544
5063445787856
7622201700430
53994035
5060406462326
53994110
5900334023247
8710908917080
5900919000472
4056489264897
4056489305026
4056489559221
4056489561002
20192198
4056489561361
00486972
5391536660987
5391536690625
0085239053881
5011096010724
0194346054909
20316662
20484392
20511692
20511715
20515553
4061461316761
20698874
4061463051882
20082307
20721022
4061463746061
4099200001562
20926922
4099200008684
4099200011370
20943394
4099200013985
0194346122233
4099200014814
4103840021870
4316268624466
2200257984636
4334011166100
2200258543368
2200285257696
0194346114467
4250085773115
4088600191539
4088600067957
4337185329852
4088600191768
20997496
0001459290349
4337185444531
5000116025251
4337185467080
4305615677545
4088600194592
5011096011233
20486860
4305615678139
4305615678399
4088600158808
4061461119829
4056489562542
4316268606752
4056489561330
20521219
4306188421627
4337185491672
4316268610513
4305615650869
4088600555065
4088600186320
4056489561934
4061462986840
20313043
4088600114422
0194346112395
0194346097906
4061463008817
20200145
4056489251507
4316268591447
20716004
4060800178015
4088600546384
0028000469429
20719586
20306533
4061463380777
5011096009438
4088600551043
4061462986864
4305615677255
4061463228024
21285523
4388860377910
5011096009964
5011096011059
4056489305309
20926533
5011059001158
4056489251361
4056489241423
4061462959103
5391536580070
4088600158068
4316268603904
4337185456411
20924652
20720698
4388860423327
4337185456497
4305615664224
4088600382784
20516239
4305615667089
5099874059615
5099874061120
5099874077619
5099874077664
5099874079750
5099874079798
5099874082101
5099874102441
5099874105930
5099874108573
5099874111962
5099874147480
5099874194293
5099874231356
5099874234760
5099874245612
5099874252436
5099874256052
5099874256533
5099874261292
5099874276197
5099874286820
5099874292418
5099874295853
5099874311577
5099874316985
5099874317739
5099874318200
5099874321811
5099874324195
5099874335306
5099874335900
5099874348160
5099874354673
5099874362593
5099874369233
5099874371441
5099874378785
5099874382263
5390003010966
5390003010980
5390053001464
5390053001563
5390053001716
5390171004132
5390634003559
5390711021582
5391007016909
5391404000396
5391500916737
5391500917758
00082723
0073934150899
0180509444038
0180509450770
0681131077668
0687456284330
0717887652672
0718604978822
0852614006936
0854961004764
0855218008948
0856088003859
10095454
14100718
2000000289595
20264338
20266233
20269579
20361655
20575267
20583163
20583477
20583484
20583910
20583958
20754891
20755652
20780272
20803384
21886607
21889042
2208651003557
2250827001850
2285709002694
2289797001393
24102728
4002359040108
4005009103901
4005009134004
4007552306815
4007951002721
4013595328592
4014400914887
4014400918045
4014400919974
4014400932829
4014400936162
4018077242090
4018462148303
4018462158456
4023900544869
4023900545347
4025500277741
4045800760583
4052917728221
4053736783774
4056489182627
4056489199007
4056489232209
4056489232902
4056489235811
4056489705338
4056489743156
4056489743279
4056489743637
4056489743644
4056489743934
4056489744344
4056489744580
4056489888246
4056489911876
4056489912996
4056489913511
4056489913559
4056489914181
4056489914716
4056489933298
4056489934561
5057008026544
5057008277731
5057008349063
5059697398360
5059697403880
5059697680960
5059697696787
8715700210070
8809054400529
8961102508882
9000295830413
9000295832912
9000452030380
9000452031165
9001414015346
9004831021082
9120008173818
9120012040953
9310432882022
9860033685442
6009678812520
7044416013257
7310960033677
8710522714881
8710522714904
5060639123797
5099893003088
5099874385325
5059697774928
5060337503778
5063250532559
7340011491996
5063250536670
8711000504567
5099874385349
8711000516911
8683851540462
5060132285367
8413567021036
7501017660407
5711953097911
5059697777738
8600114011453
5901356071025
5099879002401
85427426
5900820025243
5060626400450
5099879002418
25363388
4061458044585
25383003
2000199315853
4061458052887
4061458066525
26341323
4061459697476
27968420
4061462735783
29157471
4061464784789
4061464982697
20043940
20046279
4088600001159
29281893
4088600041612
4088600044323
4099200124469
4061464935242
3329770077959
4337256375238
4901614003622
4088600018287
4002359014710
4311501344941
3329770082786
4311501480427
4250241201193
29219346
4099200055817
5014213000424
5000187158872
29253340
4088600030487
5020590709454
5010169035466
4104420204409
4088600004686
3838929568649
4099200079448
5010238022137
4061458052900
29229130
4061462382574
4335718177987
5391500913002
4061464678033
5391500914559
3850102520565
4099200026725
5000181030907
4088600017396
4311501356630
4061458066105
29262434
4337182002390
4088600041087
4099200027722
4260310550282
4260028360425
29304660
4088600035086
4099200071718
4335718171015
4099200048635
4061458056861
2685453012992
4061462576355
4061464784956
4001724032687
20109875
4061459683332
5010219200004
4088600032801
0200981202886
29178865
29320424
4061458045742
4316734091617
5057624884306
5057753639723
5057753895785
5057753906245
5057753907860
5057753926151
5057753928940
5057753939335
5057753974466
5099490000091
5099630251611
5099649000330
5099649001320
5099649001344
5099649003447
5099682001219
5099682001257
5099749002418
5099801000024
5099801000963
5099801002684
5099801004657
5099801005005
5099810550503
5099839006913
5099839074400
5099839075476
5099839221743
5099839254918
5099839254925
5099839280665
5099839286612
5099839306419
5099839332319
5099839338687
5099839341557
5099839357787
5099839365232
5099839579776
5099839594458
5099839597435
5099839608537
5099839632822
5099839643194
5099839648717
5099839651007
5099839691621
5099839693984
5099839694196
5099839696947
5099839696954
5391508960305
5391510682325
5391511420919
5391512393311
5391512790905
5391512791599
5391512911874
5391513520655
5391513620171
5391515110915
5391517780833
5391517781151
5391518260358
5391518960661
5391520182204
5391521040978
5391521366221
5391521834218
5391525351490
5391526158562
5391526416174
5391526480021
5391527000259
5391527730767
5391527731825
5391527732273
5391527732310
5391527732334
5391528850136
5391528850143
0196411000088
0196633939937
0197857000014
0255047703982
0652729710038
0652729710632
0652729710816
0688267583018
0735850479828
0753656719849
0754003855296
0787692230013
0787692230037
0852480007822
0852480007884
0854693000621
0884912443861
0886054001978
0886790326779
0886934001333
11251420
20835613
20845926
21744105
21836237
22319296
2350385002396
2350918003869
25946932
29013579
29040087
29041169
3229820792910
3800020417997
4000345072591
4002971396805
4003082006041
4003082006058
4005394285411
4005394285749
4005517004127
4005517004134
4005891001279
4006952006752
4009900526982
4011800087210
40118017
4021851570227
4022381020282
4022500137594
4031829230855
4043362081375
4043489912422
4051009003116
4056489143321
4056489168041
4056489172154
4056489173687
4056489173724
4056489349716
4056489364856
4056489366362
5056315501447
5057967462797
5060072652045
5060072990390
5060248207819
5060248208526
5060248209431
5060495111495
5060495113918
5060544130170
5061013942454
5063089518533
5099839698668
5099839701245
5099839702464
5099839702495
5099839702655
5099839702761
8853662057491
9002668524615
9008695921922
9180007870972
7622210431394
5099839702792
5099867000471
5099839723148
8681630104010
5099867001461
7038010008351
7622210464507
8681630145013
5301000230028
5901696011651
5099839735684
5099839715815
5099839735707
7613035318823
7613035830783
8436030672184
5906936680192
5099839716386
8714100371923
5411188129134
8710236091582
8710243907104
8711000849972
6034000482270
8712566301799
8000920200087
5099839702785
6181100093186
8711200504619
8712566251933
5057753124922
5391529280895
4056489975380
5099839324161
5099649003256
4061458014595
4061458014915
20061197
4061459212921
5099839674815
20153038
4071800051321
4105670006003
42394518
20168346
20168919
4260572920090
0040000422082
4270000596476
4311501651636
4311501660973
4311501661000
4311501668269
5391509390118
20177010
5391509392617
20215811
4335619173057
4335619185067
4311501669952
5000112633719
42288015
50019793
5391524931181
0078742108841
20412784
20688387
20688622
4311501681923
4061462357411
5391515140455
2003020031441
20169091
4250589701515
20415310
4388844003170
5010034014794
4388844042049
5012035969301
20642938
42255956
4311501686942
5036829757547
2007030049717
5391529280529
50380695
20646134
4099200199016
20172671
4061458026611
4061461999513
5022374056839
4388844008113
5000168193199
4337256053365
20067113
4099200221977
4311501687062
5391525050065
4770149217022
5036829750234
5010034009073
20172114
4061458004541
0072417147456
5391509390453
5010034011601
20417680
20172145
20653118
4770149208525
4061461897123
5391530980043
4099200190686
20152543
5391531480085
5000168205410
4088600206349
4088600206868
4088600206875
4088600208794
4088600218328
4088600224879
4088600225456
4088600225630
4088600229195
4088600232317
4088600234632
4088600234656
4088600234663
4088600241317
4088600244600
4088600244617
4088600244624
4088600252223
4088600253336
4088600255842
4088600257617
4088600260372
4088600262437
4088600264301
4088600264509
4088600264516
4088600276359
4088600278346
4088600279664
4088600282046
4088600282145
4088600285207
4088600288994
4088600290126
4088600291000
4088600291864
4088600292236
4088600298795
4088600300443
4088600306582
4088600307862
4088600308852
4088600313092
4088600318691
4088600321684
4088600325279
4088600340746
00003035
00004753
00094900
0011110861825
0029210185307
0029210653974
0057664006268
0078742366111
0099482525293
0192699000307
0193908007018
0193937000677
0193968286675
0193968287658
0193968296605
0193968319465
0193968355395
0193968368258
0193968381585
0193968381844
0193968437190
0194283102923
0194346050789
0194346050796
0200102940000
0206030025581
0224956903783
0226200005502
03231852
03276099
0328066017399
03324455
03341728
0420099389396
0524000426542
0524000436664
0526783617582
0637480003247
0659000745901
0675625553028
0689585545023
0713733396332
0713733599160
0722252457622
0761035989153
0851510008372
0851702007749
0851770006965
0851770007030
0851856008913
0853687004645
0853687004713
0853718007379
0853883006504
0857394006176
0857394006220
0857605004069
0894263002709
15283979
15602731
2006050018499
2006050024070
2006050038275
2006050049219
2006050063567
20117047
20119041
2014000089680
2027759004996
20290634
20298203
20435288
20436117
20622817
20628949
20628956
20629250
20639372
20913526
21321894
25966558
27293522
29075669
29089611
29100095
29125425
29130979
29150977
2999200011832
3329770047792
3451790833076
3451790833199
3451790930058
3870545000271
4000521475505
4000539713521
4001956211867
4001956234668
4001956310478
4001956312281
4001956481116
4002160045316
4002194001685
4002221002630
4002239454308
4002239696807
4002239821209
4003455340147
4003473006407
4003473015607
4003473020502
4003490038351
4003880138050
4004093010072
4006276022261
4006276022704
4006363100025
4006552134503
4008400305424
4008452027978
4019339131183
4019339207109
4019339471326
4019607202102
4019736003335
4019736005346
4026813020024
4027013029008
4027016115166
4034900006028
40352039
40352909
4036396903102
4037300039214
4047329139208
4047329257391
4056489057512
4056489057536
4056489057598
4056489057789
4056489057987
4056489058366
4056489059219
4056489059318
4056489111276
4056489113706
4056489114703
4056489115045
4056489115809
4056489115915
4056489116066
4056489117247
4056489123651
4056489372783
4056489376903
4056489377030
4056489377887
4056489378525
4056489422273
4056489422426
4056489422549
4056489437703
4056489439271
4056489664321
4056489679684
4056489686361
4088600560014
4088600562322
4088600566030
4088600566160
4088600566191
4088600567297
4088600567341
4088600568621
4088600569048
4088600569840
4088600571096
4088600573649
4099100132199
4100910005433
4251328500567
4260133232211
4260133235199
4260152941422
4260152949220
4260394012348
4305720037999
4305720038071
4305720056686
4306188047056
4306188052050
4306188056218
4306188369103
4306188369165
4306188411284
4316268391986
4316268400718
4316268429528
4316268457842
4316268497411
4316268522854
4316268528238
4316268561419
4316268575096
4316268588096
4337185504600
4337185519352
4337185536823
4337185548819
4337185552342
4337185562594
4337185576164
4337185576188
4337185576713
4337185592188
4337185593369
4337185603983
4337185605543
4337185609466
4337185610387
4337185618178
4337185622830
4337185632716
4337185634871
4337185693250
4337185731532
4337185776588
4337185814051
4337185825422
4337185827907
4337185870989
4337256571975
4388860589542
4388860622768
4388860631852
4388860639674
4388860684780
4388860706468
4388860707007
4400108012039
4712106220997
4750133000106
4770265211072
4770265211911
5099087006949
5099111000011
5099111000059
5099111000080
5099195002505
5099205000323
5099229002549
5099229003010
5099229003331
5099268033658
5099268051706
5099286005880
5099286006184
5099297000928
5099318002108
5099323018613
5099323103135
5099323107485
5099350000018
5099356041633
5099356041640
5099400002177
5099406000504
5099406002720
5099406004335
5099406008364
5099406008906
5099406010930
5099420041514
5099440000133
5099440000645
5099466115514
5099466201613
5099474299602
5099474428200
5099474428507
5212002220750
5318000165717
5449000014917
5449000051547
5449000155306
5449000265104
5900102029594
5900130034669
5902180550113
5902256000757
5905704503121
6917878030623
6920152432402
6920444297436
6920548862998
6971749400120
7032069716243
7032069728949
7033352564732
72025741
7310130009792
7310130009808
7318690082415
7318690163954
7503015447035
7610900214624
7613037009927
7613038860268
7613287912510
7613312083116
7622202008719
7622202256783
7622202258121
7622210931993
9120084431291
9120125314231
95400141256911
9010158000501
9100000040622
9010158001010
8904063210944
8006050120202
9002233012837
9002233014916
9100000048321
8007660735053
8718906729094
8719200066786
9010158004271
8002270376887
9100000066035
9100000695860
9100000700847
8710624364793
8852045204842
9010158008064
9010158011644
8856900000037
9100000090504
9002233060937
9010437001984
9100000710808
9100000131719
9001426004659
9001432008368
8711327584327
9009504005659
9009504005710
9100000009155
9001493051013
9100000751528
9100000763705
9001495100672
9100000010779
9100000157146
9001511100617
9002055108817
9002100056711
8001505003178
9100000763729
9100000159997
8888056717842
9001432029523
8059602910004
77875440
9009504005727
9009504007790
9100000776361
9100000019932
9120079621195
9001432018213
9120079621546
8712100528873
8904063202505
8995899481219
9009865000713
9120084350165
8716101071086
9100000446172
9100000446318
8716953515943
9100000032825
8717163861714
8718452611768
8718836902444
8717163907467
9009865005633
9009865005640
9100000694078
4088600206844
4806505854232
4806514650788
0029211803644
5000159488235
4056489697909
20121808
4058172241543
0034821111348
20438944
4009286121870
0657082064101
22213785
4009300005896
5000221501213
0193968332693
5000221606819
0658010113663
20440435
4012712001240
4058172333354
4058172366222
1088828012107
5000436812524
4058172469510
2296852002974
5000221508724
5011001298629
5011002603248
5011002605310
4058172696442
4058700621052
4061458120982
5019503021950
4061458127615
4061461401573
4061461410810
5000159545983
4009337844031
4061461671464
40614617554549
50414079
50426461
4061461792862
5010652999633
5050083554377
5053990167197
5054070842720
5054267010635
5054267011755
50542670138897
5057373266927
4061463915221
5000354911149
5054269380231
5057373620446
4012842111123
4088600345543
4061463958464
03249550
4809012888004
4061463958983
5057545916087
4058172324123
5098732010706
5098732012397
5054402150325
5000358318036
5057545916414
5098732013356
5098900010729
5098931000010
4015637828015
5098976102120
5098976102694
5057624093333
5019547002038
5060455490615
5038862431712
4058172425738
5060006206528
5060751995401
0657082064408
5000237122785
4012712997246
4061464538627
5054269551952
4012860003516
24444651
5060008860056
5070000339061
5054402818133
5070000339085
4061464369832
5054267013971
5057624245640
5000157144133
5054402955159
5057545735275
24068239
5000237060971
4061461567972
4061464369887
4012712000472
5011003033389
5000237135723
4016078975009
5000159500371
5000159503853
5011002609080
0656285175416
5054267014145
5055967555549
09860025
5054269415520
5056079900715
5098732002374
4012839567148
5060746520984
5011001295222
4069365022979
0658010134033
5060746960193
5057373264596
22042521
4015637832517
5057545745861
5000237121238
4061458138383
0749826000015
5000354912306
0658010130899
4061464616714
4065626114940
5098732004347
4008471486527
50184262
4012712012444
5056079900272
5000159539401
22357892
5060751992738
5090383107002
25260304
50959785
4016241021007
4058172333378
4012712002346
4061458184977
5089640270979
5054269894837
5000225016867
5019503032994
5060327461958
5000225016850
4058172307263
5060751212065
5057172403974
5057172569212
5098732001506
5060327461910
5098723004585
5019503036923
0637480004305
5011001100755
4061464369825
5054268780438
5019503038354
4088600050744
4088600050799
4088600053974
4088600057675
4088600058511
4088600059792
4088600060934
4088600062129
4088600062211
4088600063096
4088600064987
4088600066011
4088600067254
4088600067261
4088600067964
4088600070254
4088600071893
4088600076829
4088600078151
4088600078311
4088600086019
4088600086156
4088600086415
4088600086811
4088600087863
4088600088754
4088600089621
4088600091884
4088600101156
4088600101484
4088600104171
4088600104720
4088600105130
4088600110431
4088600110622
4088600120560
4088600126043
4088600129716
4088600132709
4088600132716
4088600134222
4088600135038
4088600140582
4088600143316
4088600145525
4088600146447
4088600157276
4088600160641
4088600176468
4088600176529
4088600180366
4088600184142
4088600358390
4088600358406
4088600367224
4088600373324
4088600376707
4088600380834
4088600388977
4088600409924
4088600417462
4088600432083
4088600436593
4088600438849
4088600457543
4088600465715
4088600466187
4088600466446
4088600475097
4088600481135
4088600517148
4088600517933
4088600518244
4088600524344
4088600530185
4088600534169
5011009022677
5011009030269
5011009030429
5011022021268
5011022021299
5011032579926
5011032581035
5011032581318
5011037611164
5011041003160
5011044001057
5011055291515
5011056020015
5011056021852
5011056021913
5011056024044
5011056024778
5011056024846
5011056024969
5011059002032
5011069000028
5011069076689
5011069151324
5011069163891
5011069169015
5011086807792
5011096000640
5011096000848
5011096001494
5011096004440
5011096004877
5011096004884
5011096004891
5011096008288
5011096008639
5011096008646
5011096008684
5011096008875
5011096008882
5011096008899
5011096011349
5011096011400
5011096011479
5011096011486
5011096011509
5011096011530
5011096011691
5011096011899
5011096011950
5011096012001
5011096012186
5011096012193
5011096012292
5011096012506
5011096012636
5011100652506
5011100652841
5391533080115
5391533130025
5391533130216
5391533131206
5391533131732
5391533131831
5391533580066
5391533580202
5391533790106
5391534951735
5391535220243
5391542380046
5391542670161
5391545944559
5391546220119
5391547020053
5391547660013
5391548710007
5391548710014
5391548710021
5392000113114
5392000116238
5392000133211
5392000144125
5392000150966
5392000165731
5392000165748
5392000185142
5392000194571
5392000201989
5392000202603
5392000208834
5392000208858
5392000223608
5392000223615
5392000247727
5392001006316
5392001018104
5397136000642
5397136001588
5397136002684
5397136003490
5397136004251
5397136010535
5397136011266
5397136011969
5397136012300
5397136013116
5397136014809
5397136016926
5397136018258
5397136018319
5397136018333
5397136019620
5397139000090
5397199001532
5397199003727
5397199003932
0194346135356
0194346135493
0194346136049
0194346136636
0194346144129
0194346174423
0194346174485
0194346176885
0194346178032
0194346193943
0194346194018
0194346194063
0194346196845
0194346207770
0194346207794
0194346208166
0194346252671
0194346253265
0194346254460
0195515023528
0200526203484
02082127
02981444
03011478
0370525050263
0375534139329
0391512911935
0392515620027
0602652433368
0602652551543
0602652552168
0602652656439
0602883127838
0603832035815
0604913004898
0619211661568
0630941010389
0661524701158
0697068520412
0697539301113
0725342132164
0745125345000
0757528051143
0796520331235
0796554797090
0796554797205
0798190253787
0850804008982
0855569110574
0855596007892
0855643006946
0855868002198
0856034008525
0856802008160
0883204004162
0889392001167
0889392001242
0889392001303
08895622
12543489
1500587678115
16626690
20004781
2200293458610
2200299933456
22155146
22453204
23046535
23047747
2335863101501
2340375411246
2400000207689
24160407
24188531
25018455
2726511002996
2817990001515
2822552000011
29332144
29356683
29392896
29397204
29397631
29403714
29404001
30005082
3057640473418
3083681043716
3383670001971
4000406002246
4000406002857
4000521005412
4000540001228
4000607522406
4000742410019
4000742463022
4000915105261
4000950006042
4002627800731
4002674041361
4002674191196
4002809018558
4002809021701
4002809022401
4002809054037
4006040026556
4006040074328
4006040105497
4006040168669
4006229011458
4006237641784
4008191015106
4008211000815
4008366014736
4008366014750
4008577020311
4008585101736
40088600133065
40088600220529
4008891000105
4013138004464
4013200387501
4013200500009
4013200880064
4013200881436
4013200881627
4013200881757
4016435001181
4020500966503
4020500966602
4020943130301
4020943139335
4021782726403
4021851010167
4021851510667
4027752000269
4027900441524
4028700055010
4037300108606
4037500720332
4047247056854
4056489013280
4056489018285
4056489031642
4056489035381
4056489037453
5000328111940
5000328120775
5000328121925
5010478103047
5010478501782
5010482607036
5010482892692
5011308301411
50157198
50157815
5016084170558
50254156
5027492996333
5032722317116
5034033000176
5034660004042
5035272048011
5052910612830
5053526969691
5053827205139
5053947211539
5055936817418
5059316125766
5059319018997
5059512728020
5059512729621
5059512730306
5059512732850
5059697260421
5059697265747
5059697384981
5059697385018
5059697385476
5059697391170
5060087944739
5060087944760
5060087944791
5060087944814
5060106210029
8720182728968
8720600608940
8720600609046
8906042150029
9002859099212
9002982001823
9002982001847
9003740058356
9003740077999
9003740087950
9003740090370
9004145008809
9012501004969
90171703
9100000890579
9100000891125
9100000908564
9100000937922
9100000938516
9100000977423
9100000978871
9100000982380
9100200098942
9120003416958
96073605
8436549489341
5060406081862
5060402900006
8711521973927
5603706013883
8711741356074
7340011315728
5060414550350
7340191107625
8711741356852
5900951272967
8586024623606
5900956700380
8680569002947
5900977002197
5060406080766
8003010009119
5901028916227
8680908033052
8681176020379
5060947540408
5060952352300
7622201783037
7622210762832
7514647862356
8003340805368
8681185086175
8681185086557
7622201441838
7622201460761
6001021068035
7622201461911
5741300024031
6001275001703
7622210783974
8011185010052
8015369001287
6300900235347
7622201635886
5060221203937
7622201636135
8052879380464
8076809585903
8718114837208
5063445787412
8719128117270
6773289514509
8720168944344
8335912013513
8720182373731
5900334015105
6927028302074
6932588509276
6935270641650
5060896622507
8422003040951
8002974032003
8711521912049
8410673001174
5060212101396
7039010561044
8710745902423
7041111145986
8710861994814
5060195907374
53993236
53993472
5503242343430
5900397734630
7622201754303
5011005055532
4056489251347
4056489251705
4056489252627
2009010008899
0004673846460
4056489296720
5391536640286
0028000202033
4088600133270
0040614647888
4056489560685
5011040028522
20196295
4056489561309
5011096010274
20197582
5011056072755
0049755066893
20200114
5011041000091
20200862
0086072001862
2030508084385
4061459981698
4056489562153
0194346061303
20500009
20515317
4061461291556
4061461295615
4061463050403
4061463050441
4061463051530
4061463051905
4061463164773
4061463214195
4061463695178
4061463748102
4061463754509
0194346099337
4061463222815
4061463755667
4063367208546
20920500
20927004
4099200006369
20941857
4099200008196
4099200008646
4099200011844
4099200012186
4099200013367
20959647
4099200016771
20711337
0194346112203
4103840031534
4250073455160
4316268624237
2200256449518
4061459981735
4260430651838
4334035646077
4335619015388
4335619020764
4335619027091
4061463267078
4335619028982
5391536690694
4337185072765
4337185373411
2099655091295
4337185373473
0194346121205
5397199004724
2122067002495
4337185453007
4337185454882
5000116102839
4088600192970
4088600542218
20925307
20311247
4305615678122
5011096009117
0194346066827
4056489267287
21273667
00219709
4056489850946
4060800308887
4056489252405
5397199004908
4056489522980
4068500889576
5011005055778
4337185396656
4056489803492
21172748
4337185473166
4088600554808
5011096010281
4056489853466
4388860112924
4388860118155
0194346080496
4061461134129
4316268610551
4088600542225
4337185397707
5391536950095
4056489251132
20313142
4056489252467
5391538920355
4306188424116
5011096011202
5391535690497
5011056042185
0190912101183
4388860122206
40614633008695
20925291
5397199004809
4056489251545
4388844204744
4088600418315
5397199004311
4388844204898
4337185456916
5397199004274
4056489565680
5011059000021
4056489510055
5011096010168
5011096011127
5011096009414
20315641
0001900118002
5391535690510
4056489251286
5011040027990
4088600423197
4088600555584
00017373
4061461356194
5391537740541
4337185431289
4337185460227
0194346052974
2100100082499
4388860179149
4316268617741
4388860201437
5011041001180
0194346121229
5011096009476
5011096009582
4260195160019
4056489291039
4088600116839
4337185462108
4337185463600
4056489516385
5011096009094
4056489251057
4059699012418
4056489560852
0096619895847
5391536662738
4088600443225
4388860431391
5391537440250
0194346050864
4388860284416
4388860435481
5391538610096
4337185443473
5011005055730
4260644810021
4056489250852
4061463014061
5011005056034
4306188420804
4388860274707
4061463594006
5391537730382
4088600554433
4088600551760
4061463298287
5011056072724
4260177113958
4388858202316
4061463467928
4088600556369
4056489803485
4061462979118
4061463380753
20197865
2009010050812
5011096010304
4316268621809
20925390
4388860413960
5397199004472
4305615666778
4061463467942
5391536690175
4060800200716
4337185460814
4061459977691
4388860406337
4388860425208
4316268618557
4337185467240
4388860289350
4061459773712
4060800200532
5391539170698
4056489250814
4061463228420
5391537740794
5011096010311
40614633008671
5011056072168
4061461103354
4388860405743
4063587100729
21671524
4388860411386
4388844270886
4260192730017
4388844234291
4337185462665
5011096009834
4388860262308
4088600192710
20083908
0194346065349
4388860223798
20072599
5391537440045
4388860278712
20926519
00327244
4388860256352
5099874012696
5099874030164
5099874061113
5099874061571
5099874061588
5099874064671
5099874064688
5099874068341
5099874077398
5099874077503
5099874077824
5099874079682
5099874079989
5099874080008
5099874080107
5099874080138
5099874080275
5099874080459
5099874089087
5099874096696
50998740990055
5099874104131
5099874107088
5099874108627
5099874123835
5099874133124
5099874149095
5099874155805
5099874158264
5099874165736
5099874165743
5099874166429
5099874167020
5099874170396
5099874170570
5099874172444
5099874172451
5099874172468
5099874173878
5099874173885
5099874173922
5099874209164
5099874212027
5099874212065
5099874212737
5099874213741
5099874214502
5099874214533
5099874214540
5099874215738
5099874224747
5099874226956
5099874228820
5099874229087
5099874229964
5099874230410
5099874236580
5099874237136
5099874237549
5099874240761
5099874244493
5099874246022
5099874247715
5099874248606
5099874255581
5099874256069
5099874256526
5099874256540
5099874261322
5099874271956
5099874274605
5099874276135
5099874276210
5099874276241
5099874278320
5099874284611
5099874287018
5099874287513
5099874290926
5099874291039
5099874291138
5099874298878
5099874305033
5099874307204
5099874307990
5099874308003
5099874308652
5099874310747
5099874314035
5099874314103
5099874315773
5099874315780
5099874315803
5099874316732
5099874317913
5099874318163
5099874318194
5099874318309
5099874318644
5099874319443
5099874322412
5099874322986
5099874323389
5099874327943
5099874328094
5099874329954
5099874331605
5099874332527
5099874339618
5099874342687
5099874343226
5099874344247
5099874344773
5099874345183
5099874345756
5099874346227
5099874348184
5099874352303
5099874352662
5099874353850
5099874357452
5099874378112
5099874378808
5099874378914
5099874383147
5390003010898
5390053000047
5390053000108
5390053000191
5390053001372
5390053002270
5390053002294
5390053003574
5390054042008
5390054042633
5390171003777
5390171004064
5390208007211
5390224000074
5390529000502
5390529001318
5390566001180
5390575100324
5390623000026
5390634003542
5390647000910
5390895009017
5390938000315
5391007016916
5391306000050
5391312001256
5391312002840
5391312003250
5391500910278
5391500910353
5391500916652
5391500916676
5391501223636
5391501223773
5391501225654
5391501302928
0000100810429
00001024
00001247
00001274
00001422
00001768
00001903
00002171
00002222
0007345000030
00077576
0023710316605
0027870410593
0028801000098
0033828220121
0042272003709
0197874000431
0197874001049
0654914010008
0667888565788
0669809202604
0687456230320
0688264499251
0700254742403
0700621159513
07116179
0743639010063
0751217950250
0793618110697
0793618217440
0793618289096
0793869166474
0793888525269
0854858001548
0854934007587
0856414002754
0856481003913
0865016000426
10076538
10084991
19121390
2000000262642
20243609
20248802
20255169
20258795
20259020
20261207
20263362
20273293
20320683
20333836
20343583
20348502
20357535
20358839
20364397
20366315
20366322
20546960
20547912
20583125
20583132
20583170
20583231
20583934
20586140
20752958
20788438
20796174
20803391
21882487
21951183
2209191001102
2286654002395
23033993
2324424202009
2350944004861
24126588
4002457000196
4002457003357
4005009100443
4005009106070
4005009106902
4007680103980
4008088183789
4008088200141
4008088230025
4013423920134
4014223031136
4014400936018
4018077895074
4018905526224
4023900544968
4023900545309
4024297010777
4024698051904
4025500183073
4025500292065
4032549004955
4033122003822
4044703002653
4045178002346
4045800760576
40526348
4056489198512
4056489201892
4056489201915
4056489216889
4056489222903
4056489233619
4056489234838
4056489450801
4056489451082
4056489459811
4056489462224
4056489742340
4056489743781
4056489744139
4056489744221
4056489744245
4056489744771
4056489744924
4056489753100
4056489874386
4056489912576
4056489913061
4056489913542
4056489914198
4056489914723
4056489933670
4056489933724
4056489935018
4056489935483
4056489935506
4061458029100
4061458029179
5021690202708
5030343002282
5031021722324
5032490018727
5051007155151
5051277960172
5054775297665
5054775539802
5054775925711
5056555204184
5057008003668
5057008026704
5057008339446
5057008494565
5057008637436
5057172099436
5059697399855
5059697403118
5059697689406
5059697698347
5059697714115
5059697716089
5059697720000
5059697742484
5059697753305
5059697755705
5059697768415
8712566144600
8712566173143
8718300873911
8718309619848
8721008283159
8906198110052
8964000103791
9000275637810
9000295834305
9000451005389
9000451005877
9001414040515
9004998901746
9019588126294
90433320
90433344
90446047
90446924
90456329
90456336
90456381
9120006764025
9120010927034
9120018530069
9120030751626
9120046090504
9120051674430
9120062434061
9120073487650
6294017124307
6942836720353
5410673003621
5410673003690
5099890001698
8683200063925
5410673059000
7025110061577
5060379650133
7055877917565
5099893003033
8710518731885
76767807
8710522714928
7311041052563
7340011346159
7340011422778
5060661295035
7340011456537
7340011487890
8683789552865
7340011496137
8710998481645
8711000008874
8711000494103
5060346411682
5063250537356
5443244161147
8711000565643
5680391628790
80960270
8712100807046
5060594777288
75771119
8684008326618
5099874407003
51001668
8712243074237
8712423020092
8712566128709
8712566143894
5201360531936
5901135000611
5901135025799
5901242001570
8684207695409
5201360535828
8690103003118
5900749563154
5218050006995
8710400392637
5060360502656
5900643009710
7613036243452
5900649064683
5099874050292
25346626
25364309
25439489
0200667010996
4061458060318
4061458068123
2685204007994
4061459673494
4061459683295
4061462397417
28413813
4061462637339
29178858
0240303203993
4061464771192
5391500915136
4061464810822
40614649525239
40804767
4088600000497
4088600001562
4088600002576
4088600010755
4088600012049
4088600012131
4088600027395
4088600028897
4088600030463
4088600030470
29314362
29317134
4099200121833
40881799
20107581
4061458051477
3041091455567
4260473464051
4260488781013
4260488786261
0283918003008
4260492959972
4061458086974
4260498550333
4260541684701
4001726310004
4337256268387
4061462460524
4088600008776
4088600032900
4001751011259
4280001197213
4002359006043
5000137832951
4002359008344
4002359014703
4099200023489
4311501302545
4104420215696
29181186
4099200032269
4099200040004
4088600008813
4099200054414
2000210449901
29205585
26057941
29214617
4088600001692
5390248520008
4061458097819
4316734039909
4316734049977
5020590709140
4311501369111
5390413010006
4316734069067
03455102
4099200099774
4260042316873
5010204094120
4250241207904
27967553
3664346304900
4099200121765
4250241207089
4260030890026
4260042312929
4061462631634
0198386134140
4061462577260
4260042313537
4061458035811
5000171055439
4335896358956
5391500916560
40874234
4335896745114
5010052114001
29301645
20103460
4088600019499
4260289893786
4061464810785
4088600019956
3850104221033
4088600039640
4088600005706
4337182071136
4062139012503
4061462479830
20110635
4061464757325
4099200053714
4316734091549
4311501456897
4061464759343
4088600001623
2000012096594
4099200048987
4088600005676
4260027850453
5012547001827
4061458045315
29220359
29177905
4062139008803
4099200171425
20102326
4088600010748
5012454068531
0204382226540
20103446
3275560110231
4061459565782
4061462451683
4099200074757
4099200049014
4061458040716
4061464716544
4061458098236
4337182126508
20109363
40873879
4061464808249
4088600006031
29202508
4061464842144
4001716014721
4337182095972
4061464788701
4088600032948
26056562
4061458081009
20102920
4099200079424
29304868
4088600032832
4061462512568
4061459549386
4088600007298
4061458079570
29187867
5057624748820
5057624849961
5057753223557
5057753226183
5057753305567
5057753305666
5057753438067
5057753494506
5057753795054
5057753882143
5057753894108
5057753894771
5057753898854
5057753899943
5057753908997
5057753912451
5057753914639
5057753930271
5099484507001
5099490000411
5099496000446
5099496000668
5099530003723
5099534000865
5099534001367
5099565120006
5099630251727
5099645000044
5099649000071
5099649001405
5099649001573
5099649001597
5099649001887
5099649003126
5099649003270
5099649003775
5099678200015
5099678302436
5099678303556
5099749001831
5099801000901
5099801004107
5099801004619
5099801004770
5099801005043
5099801005197
5099809000873
5099809127778
5099809148018
5099809148025
5099809149237
5099810869452
5099811016244
50998319
5099839044373
5099839044380
5099839046414
5099839076688
5099839084966
5099839214998
5099839225239
5099839234590
5099839252877
5099839255410
5099839256349
5099839268427
5099839269967
5099839270109
5099839276002
5099839279881
5099839285615
5099839296536
5099839306273
5099839306280
5099839311024
5099839311932
5099839315527
5099839320811
5099839321658
5099839321801
5099839323515
5099839326110
5099839329463
5099839329487
5099839353130
5099839357770
5099839357824
5099839360879
5099839573453
5099839579035
5099839580161
5099839582363
5099839594427
5099839594465
5099839595233
5099839595707
5099839597985
5099839600876
5099839603358
5099839606472
5099839618352
5099839619991
5099839620539
5099839624384
5099839629419
5099839630200
5099839630392
5099839630408
5099839630422
5099839632877
5099839637568
5099839648663
5099839648816
5099839650413
5099839651922
5099839652882
5099839655159
5099839655470
5099839657931
5099839660917
5099839660931
5099839661747
5099839666353
5099839666360
5099839666407
5099839674037
5099839691614
5099839691645
5099839692154
5099839693106
5099839693304
5099839693953
5099839693977
5099839694721
5099839694905
5099839697210
5099839697227
5391505651985
5391508586642
5391508960374
5391508960459
5391508961562
5391510683490
5391510684732
5391511059140
5391511421114
5391511421220
5391512392697
5391512791322
5391512791575
5391512911492
5391512911577
5391512911584
5391512911867
5391512911942
5391512911973
5391512912437
5391512920029
5391512920036
5391512920845
5391512929848
5391513620263
5391517440034
5391517590951
5391517593600
5391517696721
5391517780369
5391517780536
5391517780581
5391517780598
5391517780611
5391517780628
5391517780673
5391517780680
5391517781045
5391517781052
5391517781250
5391518350417
5391518373744
5391518910581
5391518910598
5391518910772
5391518934587
5391518961033
5391518961194
5391519490235
5391519581001
5391519581018
5391519581025
5391519581032
5391519581049
5391519581407
5391520182488
5391521043146
5391521350220
5391521350824
5391521353498
5391521353504
5391521362087
5391521691132
5391521691255
5391521691378
5391521770042
5391525351179
5391525351353
5391525355085
5391525551128
5391526040034
5391526150405
5391526155431
5391526156278
5391526156582
5391526158579
5391526250181
5391526414408
5391526416594
5391526480014
5391526480038
5391526480106
5391526480137
5391527075844
5391527260295
5391527260615
5391527260622
5391527730231
5391527732129
5391527732198
5391527920359
5391528480081
0091456803758
0091496678026
0099336576655
01728828
0195515033381
0196852724437
0197644523061
0197870024806
0232608202399
0249521020450
0278860005507
0309400144001
0404404668093
0406146380676
0606541803164
0634158740350
0652729710380
0652729710588
0652729710649
0652729710823
0652729711257
0664989608017
0688267584893
0688267585562
0720516025495
0721021629314
0728229060109
0728229345848
0747479000628
0747479101929
0748485100319
0754495001867
0754686002772
0755795391320
0755795705035
0772468042372
0787359178122
0852131008512
0870719000185
10022405
17411257
2001609610001
20825133
20832841
20833299
20834159
20835958
20845292
20853143
2098765749751
2205385008889
22318381
22603708
2302148210760
23151383
24247436
25087802
25202762
25221466
25782950
25808186
25825381
25841060
25862775
25914863
2609801013974
27044834
28024774
28057819
28066873
29014163
29014941
29020263
29020898
3083681093551
3083681107869
3083681117516
3380380062018
3800020412091
3850354001348
4000269100356
4000351432013
4000404114484
4001337101558
4001354113510
4001639050233
4002966000816
4003082006140
4003082007284
4003082096080
4003185228012
4005394284759
4006922000483
4006922006683
4007179001445
4009884611797
4009900535892
40122229
4012346000404
4012346045726
40145174
4021851590546
4021851591147
4021851592007
4021851819340
4022381011426
4022381013826
4023086211029
40298061
4030800053506
4030800059461
4043362667074
4043800017713
4049583117558
4051808206893
4056489129882
4056489130567
4056489144106
4056489150510
4056489160106
4056489173625
4056489173694
4056489308751
4056489326151
4056489341130
4056489353959
5052909185192
5052909660569
5057967014187
5057967370405
5057967660124
5057967924967
5060051294341
5060051294518
5060055252705
5060055252743
5060055253757
5060072990031
5060072990109
5060084572485
5060226560561
5060248208519
5060248209455
5060495113505
5060495114540
5060495115417
5060510524316
5060536650037
5060549640377
5061013942690
5061013943772
5099839697845
5099839701160
5099839701177
5099839702501
5099839702518
5099839702716
8718963065630
8719992083183
8723400828679
8725800000433
9002668513213
9334279001699
6959237326824
5099839715600
5099839731211
8712566301836
8681630102016
8002795000182
5099839723230
5099839716294
5099839731259
7037120009111
71437781
5900585000035
8033776720737
5292512392499
7413257649770
8033803723830
8681630155012
8055186990029
8681763382316
8713800119972
8713800135286
8413178390071
7613035349148
8413178390132
8436030670050
5902837733852
7613035367609
8436030670319
5906747172619
8436030670401
8000300419078
8436030670432
7613035843110
5099839723452
8714100274644
5906827003109
5906827005509
5906827014532
5099872017464
5907029002549
8436030678292
5099872017983
5099839702808
5099839726187
5099839736612
5099872018508
7622210287991
8682773702330
8710236091476
8710438118339
8710466299529
5997523315474
8711000701683
6017433734703
8711200326310
8711200375011
8712566301768
5099839716027
5099839714337
6949187399009
8000380199532
8002415130305
6176000071402
6156000261812
8001250009234
8001300091899
8711200381050
5057753196912
5391521835581
5099839365263
4056489935667
4056489975588
4061458003261
2006050128709
5391521836250
5391530111256
4061458013079
4061458013963
4061458020800
5099839212260
2007030055152
5099839287312
5391530980241
5099839676802
20152550
5391517067330
4061461986612
5391524931662
20153458
4061462124891
4061462194238
4061462250040
20165239
40734323
20167851
20167868
42394501
4250559325451
4250589700730
4250780307875
4260063030406
4260556672175
0039779044595
4270000368622
5391509391573
4311501656198
4311501663257
4311501667828
4311501692943
4311501696071
5391525050478
4335619162723
4335619163164
5391525350974
20218171
4337185927911
4337256000383
4337256006170
20223427
20383060
20383077
5000112637847
4061462188626
5000112666946
00756075
5391521840400
5006128794819
4061458005302
50084470
5391525351155
20688639
20688653
20691783
5391509390552
5391524930245
5391531030266
5012035950293
20815370
5012035951108
20172992
5012035961879
4337256125390
00622222
4062300349445
5099839264382
5052004063678
4311596436323
4260355582064
4062800013532
5018222002363
4388840221073
20169824
5099649001269
5022374025026
5391509390071
5012035969189
20395025
20162061
4260360271489
5099839087264
20170875
4061459212907
4260119110069
0000946903632
4311501619254
4311501650196
5099801004145
4337256051071
0072417815553
0074448217245
4061459189742
5010034515208
4061458016896
0021248100895
5099839674464
4388844102798
4056489624875
5012035985554
5391517063639
5010034593206
4260360272042
4998397398366
5010034598508
5391515793439
42353973
5391517271775
4311596614929
5022374058741
4061458290265
5012035997717
4260336080657
4061461962203
5000168001203
5038438011638
5012035970635
20171322
5022374048919
20176372
5038463066085
0068200885117
5391508961739
4061458023818
5038486880019
5010038491553
4061459028355
4061462120596
5023274045596
20215552
20684174
0072417815546
5391515795167
5017174190425
5391525050041
5010338102890
5000168202792
4311501650103
5017342006145
00456616
5051790885662
20687724
20687854
5017689107017
4057295254157
20174132
5391508961760
5010386105621
5000168038490
5022374053388
5012035972424
4250589702734
4250712341038
4061458019545
4337256053242
5012035972448
4770190134576
5038862234856
20413279
5010034009011
4061458010016
5391524931105
4311501692790
5022374049152
5000168040783
5391529422592
5036829500037
5036829752825
5051898696337
5391521840394
4311501670316
5099839266157
5099839260230
5012035962166
5391529280987
4311596616657
5051413821879
4260360271342
5010034009875
5022374028492
4311501676004
4311501644010
5051399239736
5000168002941
5000168201382
20393786
5099839674440
5017601014126
5099839365508
4088600204147
4088600204772
4088600229232
4088600230986
4088600233277
4088600250816
4088600255057
4088600275499
4088600282022
4088600282107
4088600282121
4088600282176
4088600292205
4088600303185
4088600340814
00004063
00004092
00004825
00004902
00006969
00007224
00007582
00097011
0015869117738
0038000321108
0070491544048
0073600001296
0085239360071
0192484049252
0193908007896
0193968296568
0193968330439
0193968333485
0193968344320
0194283552131
0194346000357
0194346050772
0203121006993
0211380036866
0216049303501
0224956303941
0225274306393
0226077705444
0637480003599
0637480374828
0644529441397
0657082041409
0658533123019
0671635708397
0689176916324
0689544061014
0689544070009
0713733368018
0713733936729
0748927068269
0749826000169
0749826000404
0750114202331
0750115202329
0750271202329
0750288202331
0750304202334
0785654361874
0805627032577
0851424008833
0851856008760
0851856008920
0851856008937
0853687004676
0854021008527
0857394006213
0892453001655
0894263002754
0995199688804
1505314500004
2000000000183
2000000001241
20123994
20130091
20634636
20861292
2234362001995
2404978034247
2436603038696
2441849040471
2527091008909
2826570001463
28398158
29101436
32152500
3830044816179
4002103306153
4019339100233
4019339184172
4056489057444
4061461412111
4061461451820
4061463905390
4064193285367
4066447102055
4069365028384
4069365107560
4069365118207
4088600569024
4088600571959
4088600574479
4088600578200
4306188371755
4306188403883
4316268546065
44227437
5000159503938
5000159539364
5000227000703
5000227001090
5000237122808
5000237135747
5000237205884
5000354915321
5000354915543
5000382123804
5010605401985
5010775202245
5010893210955
5011001221115
5011002017083
5011002017090
5011002605464
5011003007151
5019503010305
5019503034233
5019503034257
50201815
5050179904529
5053990185405
5054267004146
5054267005020
5054269137255
5054269155921
5054269959277
5054402197443
5055950624917
5057373055057
5057373125965
5057545473627
5057545473702
5057624243646
5060037674631
5060751998624
5070000514345
5070004000912
5098732003128
5099045007926
5099061000239
5099078007429
5099338000610
5099338025491
5099338026030
5213000780833
5562774241171
5810953168734
5905868424157
5999565695590
6974806070700
69763181
7033352291546
7035620029394
7035620047565
7613034228710
7613034869364
7613287956651
7622202032882
7622202253881
7622202337512
7622202342417
7622202344602
7622210953315
9501101821224
9100000040301
8908025902021
9100000066127
9100000008073
8720182945945
8720182946430
8445290825315
9009473000273
8445290863331
9100000754888
8888056717903
9120079622390
9120080472250
4088600053936
4088600064994
4088600067285
4088600081243
4088600081731
4088600084084
4088600119489
4088600129891
4088600133263
4088600134864
4088600144030
4088600148106
4088600157023
4088600158358
4088600158785
4088600158792
4088600173139
4088600179490
4088600371399
4088600382227
4088600423425
4088600440941
4088600458922
4088600486659
4088600514338
4088600528083
4088600540993
5011005056645
5011020105175
5011032581523
5011035500583
5011040070200
5011056030670
5011069164348
5011096002323
5011096008363
5011096009643
5011096009742
5011096009766
5011096010717
5011096011097
5011096011912
5011096011943
5011096011998
5011096012353
5011096012384
5011096012520
5011096012582
5011096012612
5391533074763
5391533130049
5391533131565
5391533580042
5391534340270
5391537740534
5391542670482
5391542911202
5391545020093
5391545020437
5391547020060
5391547410915
5391547411448
5391548640120
5392000094352
5392000116245
5392000165205
5392000248106
5392001006354
5392001006750
5397136000680
5397136003841
5397136012034
5397136016865
5397136019682
5397136019729
5397136022200
5397199005325
5397199005349
00049041
0015409190450
00207330
0024456063303
0041042002058
0041303006450
0041303010037
00555021
0074203990017
0078024115208
0096785013113
0190569509387
0191414014247
0194346053551
0194346080533
0194346097685
0194346115709
0194346115891
0194346116683
0194346116720
0194346134724
0194346135301
0194346154449
0194346174959
0194346177134
0194346192922
0194346193622
0194346197422
0194346207985
0195372611937
0200544004995
0213214032341
0231039006491
0244346838723
0257721011437
0259461911251
0602652431838
0602652432477
0602652656507
0604722006007
0612511596103
0620133000540
0632674581792
0660726504277
0660846000253
0661537366139
0661815022306
0662166669356
0682471001603
0683828657764
0693749013532
0694334008100
0695119820702
0697539300420
0716815002862
0755795759144
0757327888926
0757528050412
0757953905936
0781079010137
0781159415975
0797258005962
0798190149707
0798190198880
0840229307340
0851139005219
0853149008907
0853469001275
0853552003568
0855630008366
0856034008518
0856664004782
0856750002302
0884394001337
0889392001600
0891597006243
12728251
20314071
20723644
2100100227012
2200760000694
2245335042709
2340614144140
2398999904170
25011722
25044300
26323916
2721044693017
3589110394027
4006040776376
4013200106126
4016512051214
4020500967210
4021714130261
4056489252382
4056489560203
4056489561286
4056489850953
4061459978346
4061459978568
4061461047245
4061461111892
4061461328207
4061461337872
4061462937286
4061462959141
4061463015334
4061463216373
4061463530455
4061463714237
4088600555096
4088600555126
4088600556345
4088600556352
4102590039791
4102590048519
4305615637013
4306188418665
4306528127813
4334011213309
4335619001602
4337185456725
4388860076240
5000112687453
5000116129751
5000118077937
5000237207796
5000328411361
5000328988207
5000328988382
5000342001241
5000342001364
5010478319899
5010478782167
5010482415853
5010482801212
50251506
5025324007059
5027492002751
5035272045188
5059316125964
5059319019017
5059321003509
5059512738722
5059512742453
5059512743467
5059604460388
5059697269219
5060087945309
5060088709559
8720600609817
9003350678807
9003454094107
9004145008472
96087855
7340011315094
5065018570001
7500515202331
7500536202304
7500600202311
8680244927138
7500600202326
5701977002022
5060868952328
7622201783006
7500628202331
7500668202302
5060853641114
8714100912645
7500702202306
8003340098890
7500705202330
7500728202304
7500730202320
5960940404830
7500741202302
7500821202325
7500872202325
76106743
7622201440886
7622201495299
7622201518035
5063445781632
7622210658708
5063445789621
5063445790146
7020097005415
8690777018548
8720182408068
7020097009628
7020097033838
7072712003627
5063445803495
5550000014918
5063445792874
7020098001928
7070622011183
5400141318227
7020098003106
5099874053057
5099874065968
5099874077152
5099874089551
5099874097228
5099874097280
5099874097303
5099874097327
5099874102809
5099874108610
5099874126737
5099874184737
5099874190400
5099874199274
5099874199359
5099874199373
5099874201199
5099874210344
5099874212942
5099874215417
5099874231400
5099874237143
5099874240624
5099874240631
5099874252122
5099874256342
5099874263388
5099874278542
5099874285489
5099874293644
5099874293781
5099874294764
5099874301714
5099874302261
5099874303282
5099874304418
5099874308546
5099874311300
5099874314813
5099874315018
5099874315223
5099874316022
5099874317920
5099874322535
5099874330875
5099874331384
5099874338000
5099874338161
5099874338178
5099874343561
5099874351863
5099874352693
5099874353348
5099874353874
5099874353904
5099874359227
5099874372103
5099874376385
5099874378440
5099874380085
5099874382232
5390054042596
5390171004583
5390358000117
5390575100621
5390608001338
5390895010112
5391007016602
5391115000074
5391162002380
5391162002458
5391306000128
5391312000808
5391500321067
00001057
00001077
0000112407578
00001215
0000131269815
00002397
0044052001790
0060360420660
0086169113065
00868068
01000045
0197874001230
0197874001513
0198168418703
0200005503906
0201129018567
0204062604682
0206854780093
0207216017840
0209903607259
0213443025787
0236496013075
0254300473464
0262324505085
0262891004561
0263052105325
0614360000541
0618455599392
0618528558721
0654523352032
0654871037490
0655956000033
0669556010026
0669660801046
0669809101808
0681131437844
0681131910705
0686207005101
0687456924878
0699097755940
0711535504443
0711747018097
0713733066853
0713733262835
0718122708956
0753214710745
0753519476285
0776090009079
0794522001354
0794522731442
0852759008239
0855023001097
0855057008055
0855373006315
0856088003934
0856516005417
0864066000493
0866469105072
1400429056109
1905312120004
2000091072816
20110352
2027125014000
20364434
20368241
2109577030583
21862779
2190078035795
2351665303455
2351935006536
2409284023299
25387339
2848768008535
2876600001437
29177387
29248353
29254132
32001020
3329770061477
4001744063357
4002359640766
4005009101280
4005009101297
4024297003595
4025500211929
4056489198475
4056489222606
4056489496267
4056489501367
4056489501817
4056489742425
4056489742999
4056489744320
4056489744894
4056489914334
4056489933892
4056489934172
4056489934332
4056489935360
4056489935476
4061459721058
4061462495458
4061462512438
4061462542329
4061462617898
4061462866043
4061462868719
4061464857742
4088600012353
4088600035208
4088600041117
4088600041629
4099200079592
4104420215184
4311501469538
4316734039350
4335619351257
4335718176522
4337182033301
4800575120303
4968203452759
5010100147029
5010228005812
5010228078021
5010238016457
5010238023004
5010511475452
5012454063918
5012454072156
5013683305800
5021690202562
5031396019364
5031396093159
5031416015550
5032490011056
5032570037921
5051007155168
5051277654538
5054563126610
5057008076730
5059697398483
5059697684692
5059697705724
5059697708039
5059697717048
5059697720703
5059697726897
5059697732102
5059697733390
5059697761645
5059697763472
8718719365205
8721201967177
8850341201053
90457364
9120073480422
9811534999972
6009522301910
5099890001575
7500417202311
5410673001665
67895420
69014871
6936756228921
7025110107145
7500417202326
7718922622868
7311041052570
5412514934910
5063089971819
7500427202302
7500427202306
5063250531224
5063250531620
5099874390374
7500002202303
7500031202303
8683851540004
5600396643604
8683851540028
5606677003754
7500130202329
7500134202303
5099874396734
5099874397663
7500191202329
5099874406365
7500209202301
7500209202325
7500209202329
7500238202303
7500256202304
7500261202326
7500313202331
8684207695379
8712566100187
5063250548451
5063250555879
5099877402661
8585000307045
5400102099509
8710497964786
5059697774027
5410531546635
8585002431325
5099877402708
5063250560255
5099878078148
5099874384090
7613287572417
8445291942110
7500409202301
5099877402890
7500386202334
7500390202301
7613036080675
5057624569524
5057753197452
5057753640361
5057753914004
5057753919924
5099520008202
5099556008047
5099556016301
5099678200008
5099678200558
5099678303372
5099678306595
5099682000137
5099809148001
5099811014554
5099839044472
5099839252990
5099839253096
5099839256127
5099839264801
5099839269820
5099839287664
5099839303937
5099839355424
5099839380877
5099839578298
5099839581205
5099839583179
5099839595684
5099839595998
5099839603594
5099839620003
5099839629860
5099839637575
5099839639234
5099839667404
5099839669538
5099839675003
5099839676888
5099839694769
5099839695667
5099839696022
5391507622686
5391508960664
5391511052127
5391511580804
5391513174445
5391517053845
5391517591835
5391517592405
5391518370637
5391518712123
5391520183188
5391521350336
5391521366788
5391521690388
5391521836724
5391521839411
5391525050058
5391525350639
5391526150917
5391526153321
5391526155356
5391526158623
5391527730217
5391527730255
5391527732051
5391528375004
5391530261517
0068820101154
00724401
0074547916049
0087303862153
0087684011546
0152227004801
0195515033411
0195515038928
0195515040013
0195602034017
0195893781720
0196633948410
0196671003621
0196671004901
0196761506049
0196852408740
0197644077588
0197644536610
0197644598250
0197857000007
0197857000038
0197870009490
0197870019840
0201402011353
0215510028073
0215711034965
0224196703495
0251518508889
0281569117754
0509874280132
0602652095030
0607880305272
0665244204128
0665591001531
0666050000027
0666334075017
0666873881001
0679844103484
0679844106362
0688267572852
0688267578700
0688267587573
0711005515863
0747479101875
0747804471420
0747804471444
0754523952314
0754697668202
0772468034810
0788581588277
0799439155671
0852452007300
0852457007916
0852466006757
0857991008979
1000001119993
16119723
2000000121738
2000000150527
2007030025681
20167301
20173159
20178796
20650742
20662882
20667542
20687762
20835675
20974879
25109856
25162097
25171990
25179750
25217001
25223897
25230321
25252415
29493449
3850108052961
4003011380822
4003160035512
4005318002117
40098286121382
4009900546324
4022381027533
4030439002005
4041272006266
4044019400884
4056489324942
4056489354932
4056489568209
4056489570066
4056489935643
4056489977667
4061459111446
4061461960759
4061461986889
4061461988173
4061462078095
4061462309977
4069365287392
4099200240572
42392002
4250589702468
4335619162655
4335619163201
4335619163614
4335619250567
4337185927812
4388844101104
4770149218821
5000112633986
5000112636437
5000159571333
5000159601672
5000168033822
5010317055483
5010338101176
5010338297091
5010338405137
5010386104044
5011308901819
5011555033745
5012035001407
5012035963866
5012035964832
5012035969165
5012035972400
5012035972431
5012035972455
5012035986377
5022374019391
5022374022131
5022374024982
5024278000734
5024278001137
5036829752207
5038862234382
5056142601075
5056357914953
5057967253609
5057967692910
5057967924004
5060040252031
5060051294709
5060268460072
5060277110562
5060503500013
5061013964296
5063089519608
8714100772928
8719874041393
8722700146780
8961008222820
90486470
90495724
5099839740008
5099872018584
6950849320408
69651618
8712566301935
5099839730146
8436030678803
5099839740022
5099839718670
69680906
8019063003622
5099839741517
5099839734984
5099839723247
7315121986052
8681630154015
5099839714306
5099839749285
5901784155748
8682368978362
5099839754890
8436030678421
5099839703447
5099839739712
60225408
8712566301775
6924743927162
5099839715952
6075800800000
8711200399178
6081944067247
8711200386796
